125.0
168.3
174.0
98.0
127.0
234.3
341.4
151.0
69.0
88.0
85.0
139.9
125.0
97.1
66.0
122.5
181.0
95.7
118.4
80.6
98.0
117.0
168.4
85.0
78.0
170.0
391.0
120.5
125.0
138.0
211.4
156.0
107.0
73.0
113.6
87.0
162.4
163.0
65.0
71.0
126.0
45.3
174.0
127.9
59.0
123.0
82.0
136.0
102.0
294.0
58.0
95.1
112.0
181.8
177.0
90.0
81.0
156.0
50.0
56.0
114.0
175.0
143.0
122.0
79.0
75.0
52.0
82.0
163.7
174.0
125.0
62.0
102.0
294.0
58.0
95.1
112.0
181.8
177.0
90.0
81.0
156.0
50.0
56.0
114.0
175.0
143.0
122.0
79.0
75.0
52.0
82.0
163.7
174.0
125.0
62.0
130.0
198.3
159.0
143.0
83.3
81.0
160.0
440.0
71.0
70.0
120.0
101.4
142.5
213.0
117.9
137.0
71.0
132.9
46.0
85.0
232.0
41.3
220.0
51.0
119.0
110.0
252.0
82.0
132.0
92.0
101.1
130.0
101.4
71.0
143.0
89.0
46.0
113.0
181.0
92.1
116.4
145.0
88.0
84.0
350.0
217.0
136.0
71.0
100.0
101.0
96.0
140.0
80.0
151.0
93.0
73.5
88.0
218.3
92.4
175.0
186.7
128.0
122.0
79.0
540.0
144.0
75.0
74.6
26.9
89.0
135.3
328.0
80.1
102.0
160.0
66.5
100.3
113.0
79.8
75.0
127.9
96.0
59.0
114.0
190.0
343.0
85.0
90.0
130.1
118.0
80.9
84.0
94.0
71.0
48.3
116.0
44.0
79.6
46.0
110.8
165.9
63.0
120.0
59.0
96.0
95.0
206.0
278.0
75.0
145.0
82.0
297.0
73.3
80.0
558.0
127.0
77.9
295.2
84.8
0.0
108.0
107.6
287.0
116.0
158.0
124.9
236.0
80.0
146.0
81.2
75.0
121.0
247.0
447.0
112.0
130.9
33.0
102.3
177.0
180.0
118.5
93.0
153.0
81.7
261.0
173.0
465.0
143.0
87.0
73.0
155.0
69.0
58.5
187.0
126.0
107.0
334.0
117.0
124.6
285.0
273.0
73.0
106.0
130.0
157.4
122.0
159.0
555.0
65.4
177.0
88.0
102.0
159.0
69.0
161.5
149.8
104.5
117.0
219.6
53.0
144.6
82.0
79.0
68.0
125.0
132.0
163.0
95.0
43.0
119.0
79.0
37.8
178.0
80.0
115.0
45.0
160.0
50.0
71.0
272.9
100.0
65.0
403.0
105.0
107.0
105.0
39.0
125.0
60.0
83.0
72.0
96.0
97.0
52.0
169.0
116.0
139.5
105.0
233.0
104.0
127.5
77.0
160.0
154.1
72.6
92.3
69.8
118.0
109.3
47.0
127.0
59.0
156.6
85.0
117.0
81.0
260.0
112.0
110.0
223.0
70.0
98.0
128.0
53.0
123.0
147.5
118.0
61.0
81.0
93.0
78.0
81.0
141.2
49.0
116.2
129.0
123.0
76.8
31.0
57.0
74.0
122.0
154.1
98.0
98.0
52.0
312.0
159.0
270.0
85.0
204.0
74.0
223.0
81.0
383.0
529.0
90.0
164.0
69.0
119.0
116.0
86.0
171.0
67.0
169.0
151.0
152.0
71.2
149.5
151.4
82.9
145.7
89.0
430.0
29.0
78.0
76.0
223.0
77.5
108.0
198.2
70.0
138.0
92.4
68.0
140.4
126.0
151.5
59.6
272.0
65.0
348.3
108.0
271.5
72.0
241.7
69.0
110.0
71.0
81.5
116.0
95.8
196.2
132.0
141.0
174.0
105.8
84.3
53.0
150.0
194.0
77.0
165.0
38.0
194.0
154.4
92.0
144.0
87.0
46.0
84.5
128.0
176.0
79.5
140.0
123.0
165.8
108.0
151.0
216.0
45.0
55.0
289.0
67.4
80.0
87.0
95.0
149.0
80.0
52.0
177.0
111.0
100.0
158.0
73.0
285.0
121.0
93.0
81.0
37.0
80.0
30.0
117.0
403.0
128.1
80.3
149.4
68.0
188.0
138.8
152.5
77.0
61.0
160.0
111.0
46.0
67.0
120.0
148.0
53.0
134.0
122.0
232.0
84.0
94.0
446.0
103.0
139.0
125.0
186.0
220.9
87.0
115.0
135.0
160.0
48.0
51.8
159.1
76.0
250.0
64.0
51.0
100.0
191.6
115.2
58.6
175.0
51.0
130.0
82.0
135.3
113.0
74.1
136.0
77.0
88.0
186.0
293.0
81.8
95.0
110.0
68.0
165.0
115.0
104.0
118.2
86.7
78.0
97.7
155.0
87.0
155.0
700.0
134.1
170.0
48.0
87.7
376.0
290.7
135.6
148.8
201.3
29.0
67.0
120.0
92.6
63.2
77.3
75.0
229.0
119.0
69.0
125.0
153.0
85.0
76.0
49.0
91.0
69.5
238.0
62.0
56.0
74.0
89.0
257.0
213.0
282.0
111.6
152.3
70.0
76.5
107.0
130.0
119.0
53.0
63.0
43.0
151.0
120.0
177.0
166.0
182.7
63.1
88.4
109.0
53.0
87.8
219.0
158.0
96.0
67.0
46.0
340.0
72.0
81.0
96.0
79.0
109.6
32.0
114.0
86.0
62.0
70.0
52.0
78.0
280.0
131.0
187.0
144.9
150.0
106.0
117.0
142.0
150.0
122.1
155.0
56.0
180.0
119.0
99.0
121.0
92.5
151.0
170.0
60.0
61.3
161.1
126.0
88.0
165.0
212.2
108.0
84.0
177.0
223.0
91.0
102.0
49.0
81.9
105.0
106.9
215.0
67.0
56.0
122.0
170.0
93.4
88.0
32.0
308.0
51.0
105.0
101.0
174.0
58.0
27.0
62.0
138.0
131.0
110.0
194.0
152.0
202.0
150.0
120.0
156.9
303.6
150.0
144.0
119.0
194.0
67.6
75.0
412.0
125.0
47.0
89.0
114.0
116.7
123.4
212.0
119.8
173.0
76.0
108.0
223.0
92.3
198.5
120.0
68.0
66.5
121.0
156.0
32.0
251.1
52.0
151.8
102.0
141.7
331.2
59.0
116.0
84.0
70.0
87.0
142.0
116.0
37.0
96.0
117.0
127.0
114.0
63.0
208.0
45.0
73.0
205.0
71.1
86.0
199.0
65.1
95.2
81.0
150.3
110.0
80.7
186.2
150.3
130.0
90.0
81.0
68.3
223.0
96.2
151.2
91.0
70.0
138.0
153.0
124.1
136.6
271.0
73.3
90.0
116.0
115.0
133.0
85.0
221.0
61.7
75.0
97.0
73.0
90.0
91.0
81.0
139.0
167.0
73.3
77.0
570.5
154.0
123.0
189.0
38.0
44.0
121.7
69.0
129.5
104.5
108.0
42.0
215.0
120.0
70.0
285.0
53.0
222.0
104.0
84.0
79.0
400.3
126.0
31.0
113.0
202.0
168.0
217.0
87.0
211.0
